88
77
78
112
75
77
81
76
79
79
77
79
78
76
78
78
77
79
76
81
77
77
79
78
78
76
76
77
77
76
78
77
77
77
77
76
80
158
77
77
88
75
77
77
77
77
77
77
78
77
79
78
119
77
78
77
77
76
78
78
84
86
77
79
75
77
79
79
76
77
75
77
81
82
82
78
77
76
76
78
80
78
79
80
77
76
78
78
76
78
77
77
78
78
75
77
77
77
75
77
443
436
434
481
445
432
438
438
432
437
432
437
443
431
437
436
441
440
434
439
438
432
438
436
432
443
436
430
431
431
500
431
433
430
435
430
440
429
437
434
432
434
432
439
436
430
445
434
431
432
432
436
430
443
437
436
431
433
431
435
435
442
434
435
439
436
438
460
430
438
433
431
435
433
432
433
434
434
432
440
6451
6231
6353
6412
6263
6225
6329
6209
6252
6233
6264
6224
6387
6253
6274
6230
6206
6255
6197
6194
6328
6200
6411
6228
6210
6191
6212
6464
6347
6229
6244
6283
6302
6223
6297
6255
6413
6269
6251
6214
6201
6263
6192
6171
6219
6243
6227
6299
6207
6311
6286
6194
6252
6268
6198
6240
6275
6199
6192
6204
