67
43
51
64
49
54
45
54
44
52
45
43
43
43
42
43
51
43
50
47
43
66
65
57
55
49
43
47
44
52
50
44
52
45
44
44
66
43
43
43
42
43
73
78
45
62
44
42
50
53
47
53
50
58
44
56
50
48
43
48
60
116
46
71
51
52
46
73
49
70
73
84
64
69
80
67
79
66
70
67
78
77
69
61
75
70
79
61
94
83
74
109
67
67
84
80
62
56
62
86
69
52
54
56
50
47
60
46
46
51
43
44
43
43
44
42
44
43
42
45
42
43
46
43
42
44
44
43
43
43
43
44
87
56
78
59
45
60
46
60
60
48
47
44
46
49
44
45
46
44
47
46
43
50
51
45
45
48
45
52
53
52
51
52
50
47
43
61
48
48
57
47
47
45
50
45
50
55
46
68
51
59
57
50
45
68
45
44
58
83
53
64
66
52
51
91
60
64
83
64
277
226
189
203
194
196
193
200
203
194
194
206
289
261
259
242
218
200
224
204
197
194
271
215
191
241
237
202
210
198
192
195
197
196
190
211
193
183
196
188
208
207
210
200
191
194
187
187
207
194
183
182
208
199
189
216
192
199
193
206
215
218
182
182
183
222
240
244
245
213
244
198
234
223
205
199
225
189
226
248
236
248
218
238
213
204
196
208
200
208
198
197
198
197
206
196
183
184
185
185
2225
1986
1711
1812
1862
1723
1739
1801
1783
1701
1800
1733
1692
1812
1868
1668
1781
1744
1755
1878
1729
1722
1754
1691
1993
1774
1586
1631
1590
1606
1587
1665
1626
1570
1645
1576
1583
1622
1591
1561
1650
1574
1572
1607
1585
1573
1700
1631
1615
1599
1661
1673
1572
1661
1613
1640
1767
1604
1619
1644
1603
1587
1622
1576
1656
1655
1583
1625
1731
1645
1580
1581
1649
1634
1561
1637
1881
1848
1641
1578
1703
1630
1658
2726
1761
1769
1725
1825
1856
1799
1869
1794
1874
1901
1851
1954
1904
1828
1714
1842
79133
30018
25582
24270
22331
19747
18365
17933
18623
20039
19507
22067
19632
20009
14800
14861
15058
14856
15083
17064
39621
21169
20368
17224
16959
14709
15061
19611
20000
20973
21998
20497
19498
19136
16798
14791
15336
16199
16644
14938
16074
14668
14353
14377
21033
22119
21227
22292
20641
19786
20492
20379
22093
22683
16188
16574
20300
24332
20794
21091
21772
22442
19693
21074
20544
20093
23212
21591
19781
19710
20535
14999
15032
14824
14616
15450
14913
15204
15231
14429
14587
14539
14478
14546
14538
14696
14561
14716
14805
15051
14770
14438
14413
14352
14393
14526
14514
14898
16750
19878
